7,7.0,-0.14285714285714285,7.0,10
1,1.0,-0.14285714285714285,7.0,2
1,1.0,-0.14285714285714285,7.0,3
3,3.0,-0.14285714285714285,7.0,4
3,3.0,-0.14285714285714285,7.0,5
3,3.0,-0.14285714285714285,7.0,6
3,3.0,-0.14285714285714285,7.0,7
7,7.0,-0.14285714285714285,7.0,8
7,7.0,-0.14285714285714285,7.0,9
0,0.0,-0.5,4.0,10
2,2.0,-0.5,4.0,8
2,2.0,-0.5,4.0,9
9,9.0,11.0,1.0,10
4,4.0,1.5454545454545454,11.0,10
4,4.0,1.5454545454545454,11.0,5
4,4.0,1.5454545454545454,11.0,6
4,4.0,1.5454545454545454,11.0,7
4,4.0,1.5454545454545454,11.0,8
4,4.0,1.5454545454545454,11.0,9
2,2.0,1.5671641791044777,67.0,10
6,6.0,1.5671641791044777,67.0,7
6,6.0,1.5671641791044777,67.0,8
6,6.0,1.5671641791044777,67.0,9
0,0.0,2.046875,128.0,4
2,2.0,2.094017094017094,117.0,5
0,0.0,2.094017094017094,117.0,6
1,1.0,2.8,50.0,10
1,1.0,2.8,50.0,7
1,1.0,2.8,50.0,8
1,1.0,2.8,50.0,9
5,5.0,3.4545454545454546,11.0,10
5,5.0,3.4545454545454546,11.0,6
5,5.0,3.4545454545454546,11.0,7
5,5.0,3.4545454545454546,11.0,8
5,5.0,3.4545454545454546,11.0,9
8,8.0,3.9282153539381857,1003.0,10
8,8.0,3.9282153539381857,1003.0,9
2,2.0,3.936086529006883,1017.0,3
2,2.0,3.936086529006883,1017.0,4
0,0.0,3.936086529006883,1017.0,5
2,2.0,3.941351888667992,1006.0,6
2,2.0,3.941351888667992,1006.0,7
0,0.0,3.941351888667992,1006.0,8
0,0.0,4.368876080691643,3470.0,2
0,0.0,4.548308194048104,2453.0,3
1,1.0,4.686021505376344,2325.0,4
1,1.0,4.686021505376344,2325.0,5
1,1.0,4.686021505376344,2325.0,6
0,0.0,4.686021505376344,2325.0,7
3,3.0,4.694959069366653,2321.0,10
3,3.0,4.694959069366653,2321.0,8
3,3.0,4.694959069366653,2321.0,9
6,6.0,7.0,2.0,10
0,0.0,8.333333333333334,3.0,9
