9,9,0.625,8,10
4,4,1.0,18,8
7,7,1.1818181818181819,11,10
6,6,1.5,14,9
3,3,1.5454545454545454,11,7
6,6,1.6428571428571428,14,8
6,6,1.8571428571428572,14,10
1,1,2.111111111111111,18,10
2,2,2.1626794258373208,627,7
0,0,2.239130434782609,92,4
1,1,2.24,700,2
2,2,2.2825860271115745,959,8
0,0,2.2951977401129944,1416,6
3,3,2.349887133182844,443,9
0,0,2.3715529753265603,689,5
0,0,2.374285714285714,700,3
2,2,2.4152542372881354,1416,5
0,0,2.43169968717414,959,10
0,0,2.4370015948963317,627,8
2,2,2.446327683615819,1416,4
4,4,2.460370994940978,593,9
4,4,2.463743676222597,593,10
2,2,2.4692387904066737,959,9
8,8,2.4705882352941178,34,9
1,1,2.472972972972973,74,8
2,2,2.4887005649717513,1416,3
3,3,2.5011286681715577,443,10
1,1,2.525399129172714,689,4
5,5,2.532258064516129,62,7
3,3,2.5454545454545454,11,4
0,0,2.56631299734748,1508,2
0,0,2.5691868758915835,1402,7
5,5,2.5806451612903225,62,9
5,5,2.596774193548387,62,8
4,4,2.611111111111111,18,7
8,8,2.676470588235294,34,10
2,2,2.677830940988836,627,6
1,1,2.739130434782609,92,3
2,2,2.757575757575758,66,10
1,1,2.810810810810811,74,6
0,0,2.810810810810811,74,9
1,1,2.8783783783783785,74,7
5,5,2.9193548387096775,62,6
5,5,2.935483870967742,62,10
3,3,2.9367945823927766,443,8
1,1,3.0555555555555554,18,9
7,7,3.1818181818181817,11,8
6,6,3.2857142857142856,14,7
3,3,3.5454545454545454,11,5
4,4,3.7222222222222223,18,5
1,1,3.7567567567567566,74,5
4,4,3.7777777777777777,18,6
7,7,3.8181818181818183,11,9
3,3,4.7272727272727275,11,6
