2,2,0.6363636363636364,11,8
5,5,1.3888888888888888,18,7
2,2,1.4705882352941178,34,7
7,7,1.6153846153846154,39,10
3,3,1.746031746031746,63,10
7,7,1.7619047619047619,42,9
7,7,1.8823529411764706,119,8
6,6,2.0058479532163744,171,7
3,3,2.0095238095238095,210,4
2,2,2.0760233918128654,171,10
4,4,2.130434782608696,23,5
5,5,2.271604938271605,81,8
3,3,2.3015873015873014,63,5
2,2,2.312302839116719,1585,3
3,3,2.3333333333333335,81,6
8,8,2.3596491228070176,228,9
4,4,2.3703703703703702,81,9
1,1,2.4128233970753654,889,6
1,1,2.413870246085011,894,9
3,3,2.4,220,9
0,0,2.4274193548387095,1612,5
1,1,2.428981348637016,697,8
4,4,2.4347826086956523,92,10
0,0,2.4374412041392284,2126,2
1,1,2.4387527839643655,449,10
9,9,2.445086705202312,173,10
0,0,2.4837476099426388,1046,8
0,0,2.48644578313253,664,6
1,1,2.494607087827427,649,7
0,0,2.500289855072464,1725,4
1,1,2.5047619047619047,210,4
4,4,2.507936507936508,63,6
0,0,2.513392857142857,224,10
5,5,2.514705882352941,204,9
5,5,2.526315789473684,171,6
0,0,2.5323383084577116,201,7
2,2,2.538235294117647,340,6
4,4,2.5426008968609866,1115,7
8,8,2.5555555555555554,108,10
5,5,2.5953002610966056,766,10
1,1,2.606837606837607,117,5
2,2,2.6106870229007635,393,5
0,0,2.629370629370629,429,9
6,6,2.6808510638297873,47,9
4,4,2.736842105263158,171,8
6,6,2.75,20,8
6,6,2.772357723577236,123,10
1,1,2.803347280334728,239,3
2,2,2.8095238095238093,63,4
3,3,2.85,20,7
0,0,2.8723958333333335,384,3
2,2,2.873015873015873,63,9
1,1,3.1219512195121952,82,2
3,3,3.3174603174603177,63,8
